%YAML:1.0
---
width: 1280
height: 720
K: !!opencv-matrix
   rows: 3
   cols: 3
   dt: d
   data: [455.48849041,0.,644.868006707,
           0.,455.8690207578847,368.14285214972796,
           0.,0.,1.]
d: !!opencv-matrix
   rows: 5
   cols: 1
   dt: d
   data: [ -0.1145202826589342, 0.008906799843121458,
       2.867327392556618e-05, 0.00024805079103192674, 0]
