%YAML:1.0
---
width: 1280
height: 720
K: !!opencv-matrix
   rows: 3
   cols: 3
   dt: d
   data: [453.538904403486,0., 641.9032960128774,
           0.,454.3901269900983,363.3198908627918,
           0.,0.,1.]
d: !!opencv-matrix
   rows: 5
   cols: 1
   dt: d
   data: [ -0.11765178345688915, 0.010444635069509487,
       -0.00047567832847096396, 8.9614237708668e-05, 0]
